### PMF Parameters for 30 Protein Atom Types
Distance  2.10   9.00
Type 1 C.3
 2.10 - 2.20   4.3200  
 2.20 - 2.30   4.0626  
 2.30 - 2.40   4.3437  
 2.40 - 2.50   3.4025  
 2.50 - 2.60   3.6496  
 2.60 - 2.70   3.1625  
 2.70 - 2.80   2.5521  
 2.80 - 2.90   2.5243  
 2.90 - 3.00   1.9652  
 3.00 - 3.10   1.4083  
 3.10 - 3.20   0.9729  
 3.20 - 3.30   0.4804  
 3.30 - 3.40   0.0799  
 3.40 - 3.50   -0.2518 
 3.50 - 3.60   -0.4035 
 3.60 - 3.70   -0.5396 
 3.70 - 3.80   -0.5760 
 3.80 - 3.90   -0.5590 
 3.90 - 4.00   -0.4839 
 4.00 - 4.10   -0.4173 
 4.10 - 4.20   -0.3526 
 4.20 - 4.30   -0.3183 
 4.30 - 4.40   -0.2543 
 4.40 - 4.50   -0.2594 
 4.50 - 4.60   -0.2413 
 4.60 - 4.70   -0.2538 
 4.70 - 4.80   -0.2379 
 4.80 - 4.90   -0.2661 
 4.90 - 5.00   -0.2201 
 5.00 - 5.10   -0.2125 
 5.10 - 5.20   -0.2027 
 5.20 - 5.30   -0.1650 
 5.30 - 5.40   -0.1309 
 5.40 - 5.50   -0.0962 
 5.50 - 5.60   -0.0722 
 5.60 - 5.70   -0.0630 
 5.70 - 5.80   -0.0747 
 5.80 - 5.90   -0.0193 
 5.90 - 6.00   -0.0035 
 6.00 - 6.10   -0.0142 
 6.10 - 6.20   -0.0138 
 6.20 - 6.30   -0.0029 
 6.30 - 6.40   0.0436  
 6.40 - 6.50   0.0360  
 6.50 - 6.60   0.0377  
 6.60 - 6.70   0.0201  
 6.70 - 6.80   0.0209  
 6.80 - 6.90   0.0130  
 6.90 - 7.00   0.0025  
 7.00 - 7.10   0.0343  
 7.10 - 7.20   0.0020  
 7.20 - 7.30   -0.0137 
 7.30 - 7.40   0.0019  
 7.40 - 7.50   0.0234  
 7.50 - 7.60   0.0318  
 7.60 - 7.70   0.0093  
 7.70 - 7.80   0.0043  
 7.80 - 7.90   0.0095  
 7.90 - 8.00   0.0062  
 8.00 - 8.10   0.0201  
 8.10 - 8.20   0.0312  
 8.20 - 8.30   0.0284  
 8.30 - 8.40   0.0148  
 8.40 - 8.50   0.0399  
 8.50 - 8.60   0.0467  
 8.60 - 8.70   0.0413  
 8.70 - 8.80   0.0600  
 8.80 - 8.90   0.0792  
 8.90 - 9.00   0.0686  
 9.00 - 9.10   0.0928       
Type 2 C.2/C.co2/C.cat       
 2.10 - 2.20   4.0000     
 2.20 - 2.30   4.2913     
 2.30 - 2.40   5.0714     
 2.40 - 2.50   4.0561     
 2.50 - 2.60   3.5300     
 2.60 - 2.70   3.2967     
 2.70 - 2.80   2.9008     
 2.80 - 2.90   2.7830     
 2.90 - 3.00   1.9707     
 3.00 - 3.10   1.4184     
 3.10 - 3.20   0.9751     
 3.20 - 3.30   0.4417     
 3.30 - 3.40   0.0733     
 3.40 - 3.50   -0.3157    
 3.50 - 3.60   -0.5845    
 3.60 - 3.70   -0.8056    
 3.70 - 3.80   -0.9265    
 3.80 - 3.90   -0.8310    
 3.90 - 4.00   -0.6441    
 4.00 - 4.10   -0.4040    
 4.10 - 4.20   -0.3381    
 4.20 - 4.30   -0.1498    
 4.30 - 4.40   -0.1099    
 4.40 - 4.50   0.0176     
 4.50 - 4.60   -0.0467    
 4.60 - 4.70   -0.0815    
 4.70 - 4.80   -0.0616    
 4.80 - 4.90   -0.0547    
 4.90 - 5.00   -0.0734    
 5.00 - 5.10   -0.0784    
 5.10 - 5.20   -0.0560    
 5.20 - 5.30   -0.0971    
 5.30 - 5.40   -0.1094    
 5.40 - 5.50   -0.1200    
 5.50 - 5.60   -0.1047    
 5.60 - 5.70   -0.1351    
 5.70 - 5.80   -0.0750    
 5.80 - 5.90   -0.0913    
 5.90 - 6.00   -0.1205    
 6.00 - 6.10   -0.0455    
 6.10 - 6.20   -0.0127    
 6.20 - 6.30   0.0177     
 6.30 - 6.40   0.0044     
 6.40 - 6.50   0.0181     
 6.50 - 6.60   0.0325     
 6.60 - 6.70   0.0357     
 6.70 - 6.80   0.0615     
 6.80 - 6.90   0.0466     
 6.90 - 7.00   0.0133     
 7.00 - 7.10   -0.0229    
 7.10 - 7.20   -0.0445    
 7.20 - 7.30   0.0009     
 7.30 - 7.40   -0.0022    
 7.40 - 7.50   -0.0107    
 7.50 - 7.60   -0.0166    
 7.60 - 7.70   -0.0203    
 7.70 - 7.80   -0.0181    
 7.80 - 7.90   -0.0127    
 7.90 - 8.00   0.0013     
 8.00 - 8.10   0.0170     
 8.10 - 8.20   0.0033     
 8.20 - 8.30   0.0163     
 8.30 - 8.40   0.0080     
 8.40 - 8.50   0.0323     
 8.50 - 8.60   0.0703     
 8.60 - 8.70   0.0799     
 8.70 - 8.80   0.1119     
 8.80 - 8.90   0.0942     
 8.90 - 9.00   0.1245     
 9.00 - 9.10   0.0866     
Type 3 C.ar       
 2.10 - 2.20   4.2968       
 2.20 - 2.30   4.6754       
 2.30 - 2.40   3.8240       
 2.40 - 2.50   3.8240       
 2.50 - 2.60   3.9040       
 2.60 - 2.70   3.2680       
 2.70 - 2.80   3.0692       
 2.80 - 2.90   2.6539       
 2.90 - 3.00   2.2269       
 3.00 - 3.10   1.7126       
 3.10 - 3.20   1.0654       
 3.20 - 3.30   0.5994       
 3.30 - 3.40   0.2396       
 3.40 - 3.50   0.0127       
 3.50 - 3.60   -0.1656      
 3.60 - 3.70   -0.2364      
 3.70 - 3.80   -0.3042      
 3.80 - 3.90   -0.2883      
 3.90 - 4.00   -0.2378      
 4.00 - 4.10   -0.2192      
 4.10 - 4.20   -0.1940      
 4.20 - 4.30   -0.1758      
 4.30 - 4.40   -0.1256      
 4.40 - 4.50   -0.1143      
 4.50 - 4.60   -0.1484      
 4.60 - 4.70   -0.1595      
 4.70 - 4.80   -0.1738      
 4.80 - 4.90   -0.1629      
 4.90 - 5.00   -0.1555      
 5.00 - 5.10   -0.1472      
 5.10 - 5.20   -0.0921      
 5.20 - 5.30   -0.1030      
 5.30 - 5.40   -0.0730      
 5.40 - 5.50   -0.0590      
 5.50 - 5.60   -0.0766      
 5.60 - 5.70   -0.1100      
 5.70 - 5.80   -0.1292      
 5.80 - 5.90   -0.1034      
 5.90 - 6.00   -0.1345      
 6.00 - 6.10   -0.1084      
 6.10 - 6.20   -0.1109      
 6.20 - 6.30   -0.0599      
 6.30 - 6.40   -0.0623      
 6.40 - 6.50   -0.0283      
 6.50 - 6.60   -0.0071      
 6.60 - 6.70   0.0012       
 6.70 - 6.80   0.0141       
 6.80 - 6.90   0.0071       
 6.90 - 7.00   0.0051       
 7.00 - 7.10   -0.0102      
 7.10 - 7.20   -0.0316      
 7.20 - 7.30   -0.0185      
 7.30 - 7.40   -0.0025      
 7.40 - 7.50   -0.0027      
 7.50 - 7.60   -0.0077      
 7.60 - 7.70   -0.0124      
 7.70 - 7.80   -0.0386      
 7.80 - 7.90   -0.0160      
 7.90 - 8.00   -0.0133      
 8.00 - 8.10   -0.0050      
 8.10 - 8.20   -0.0022      
 8.20 - 8.30   0.0034       
 8.30 - 8.40   -0.0126      
 8.40 - 8.50   -0.0151      
 8.50 - 8.60   -0.0031      
 8.60 - 8.70   -0.0053      
 8.70 - 8.80   0.0099       
 8.80 - 8.90   0.0345       
 8.90 - 9.00   0.0301       
 9.00 - 9.10   0.0450    
Type 4 N.3/N.4+          
 2.10 - 2.20   3.7957    
 2.20 - 2.30   2.7880    
 2.30 - 2.40   2.3641    
 2.40 - 2.50   1.0612    
 2.50 - 2.60   0.3083    
 2.60 - 2.70   -0.3505   
 2.70 - 2.80   -0.9106   
 2.80 - 2.90   -1.0159   
 2.90 - 3.00   -0.8396   
 3.00 - 3.10   -0.4103   
 3.10 - 3.20   -0.1319   
 3.20 - 3.30   0.2275    
 3.30 - 3.40   0.1608    
 3.40 - 3.50   0.0501    
 3.50 - 3.60   0.1736    
 3.60 - 3.70   0.0750    
 3.70 - 3.80   0.1546    
 3.80 - 3.90   -0.1391   
 3.90 - 4.00   -0.0631   
 4.00 - 4.10   -0.0912   
 4.10 - 4.20   -0.2410   
 4.20 - 4.30   -0.2576   
 4.30 - 4.40   -0.2881   
 4.40 - 4.50   -0.3590   
 4.50 - 4.60   -0.3506   
 4.60 - 4.70   -0.4110   
 4.70 - 4.80   -0.4856   
 4.80 - 4.90   -0.4411   
 4.90 - 5.00   -0.3507   
 5.00 - 5.10   -0.3107   
 5.10 - 5.20   -0.2565   
 5.20 - 5.30   -0.2028   
 5.30 - 5.40   -0.1557   
 5.40 - 5.50   -0.2078   
 5.50 - 5.60   -0.0823   
 5.60 - 5.70   -0.0832   
 5.70 - 5.80   0.0693    
 5.80 - 5.90   0.0198    
 5.90 - 6.00   -0.0929   
 6.00 - 6.10   -0.0017   
 6.10 - 6.20   0.0834    
 6.20 - 6.30   0.1307    
 6.30 - 6.40   0.0782    
 6.40 - 6.50   0.0874    
 6.50 - 6.60   0.0447    
 6.60 - 6.70   0.1539    
 6.70 - 6.80   0.1541    
 6.80 - 6.90   0.1651    
 6.90 - 7.00   0.1607    
 7.00 - 7.10   -0.0094   
 7.10 - 7.20   -0.0588   
 7.20 - 7.30   -0.0330   
 7.30 - 7.40   -0.0916   
 7.40 - 7.50   0.0214    
 7.50 - 7.60   -0.0220   
 7.60 - 7.70   -0.0010   
 7.70 - 7.80   0.1236    
 7.80 - 7.90   0.1165    
 7.90 - 8.00   0.1362    
 8.00 - 8.10   0.0307    
 8.10 - 8.20   0.1028    
 8.20 - 8.30   0.1203    
 8.30 - 8.40   0.0875    
 8.40 - 8.50   0.0437    
 8.50 - 8.60   0.0749    
 8.60 - 8.70   0.1261    
 8.70 - 8.80   0.0015    
 8.80 - 8.90   0.1408    
 8.90 - 9.00   0.1391    
 9.00 - 9.10   0.0447    
Type 5 N.ar/N.2       
 2.10 - 2.20   3.3812  
 2.20 - 2.30   2.2194  
 2.30 - 2.40   2.2373  
 2.40 - 2.50   1.8507  
 2.50 - 2.60   1.0834  
 2.60 - 2.70   0.1884  
 2.70 - 2.80   -0.3715 
 2.80 - 2.90   -0.5823 
 2.90 - 3.00   -0.3103 
 3.00 - 3.10   0.1685  
 3.10 - 3.20   0.3109  
 3.20 - 3.30   0.5186  
 3.30 - 3.40   0.3314  
 3.40 - 3.50   0.1878  
 3.50 - 3.60   0.1109  
 3.60 - 3.70   0.1911  
 3.70 - 3.80   -0.0254 
 3.80 - 3.90   -0.0386 
 3.90 - 4.00   -0.0101 
 4.00 - 4.10   0.0859  
 4.10 - 4.20   -0.1478 
 4.20 - 4.30   -0.1796 
 4.30 - 4.40   -0.0866 
 4.40 - 4.50   -0.1128 
 4.50 - 4.60   -0.0701 
 4.60 - 4.70   -0.1324 
 4.70 - 4.80   -0.1590 
 4.80 - 4.90   -0.2055 
 4.90 - 5.00   -0.2033 
 5.00 - 5.10   -0.2267 
 5.10 - 5.20   -0.1241 
 5.20 - 5.30   -0.0025 
 5.30 - 5.40   0.0003  
 5.40 - 5.50   0.0264  
 5.50 - 5.60   -0.0305 
 5.60 - 5.70   0.0353  
 5.70 - 5.80   0.0666  
 5.80 - 5.90   -0.0083 
 5.90 - 6.00   -0.0025 
 6.00 - 6.10   0.0231  
 6.10 - 6.20   0.0182  
 6.20 - 6.30   -0.0021 
 6.30 - 6.40   -0.0156 
 6.40 - 6.50   0.0205  
 6.50 - 6.60   -0.0131 
 6.60 - 6.70   0.0317  
 6.70 - 6.80   0.0159  
 6.80 - 6.90   -0.1528 
 6.90 - 7.00   -0.0485 
 7.00 - 7.10   -0.0859 
 7.10 - 7.20   -0.0664 
 7.20 - 7.30   -0.1181 
 7.30 - 7.40   -0.0368 
 7.40 - 7.50   -0.0886 
 7.50 - 7.60   -0.0684 
 7.60 - 7.70   -0.0806 
 7.70 - 7.80   -0.0038 
 7.80 - 7.90   -0.0432 
 7.90 - 8.00   0.0335  
 8.00 - 8.10   -0.0080 
 8.10 - 8.20   -0.0036 
 8.20 - 8.30   0.0375  
 8.30 - 8.40   0.0280  
 8.40 - 8.50   0.0403  
 8.50 - 8.60   0.0168  
 8.60 - 8.70   0.0173  
 8.70 - 8.80   0.0339  
 8.80 - 8.90   0.0176  
 8.90 - 9.00   0.0395  
 9.00 - 9.10   0.0416  
Type 6 N.am        
 2.10 - 2.20   3.9571   
 2.20 - 2.30   4.4535   
 2.30 - 2.40   4.1350   
 2.40 - 2.50   2.3212   
 2.50 - 2.60   1.8134   
 2.60 - 2.70   1.0672   
 2.70 - 2.80   0.3662   
 2.80 - 2.90   -0.0082  
 2.90 - 3.00   -0.3205  
 3.00 - 3.10   0.0184   
 3.10 - 3.20   0.3021   
 3.20 - 3.30   0.2366   
 3.30 - 3.40   0.4053   
 3.40 - 3.50   0.1407   
 3.50 - 3.60   0.1614   
 3.60 - 3.70   0.0931   
 3.70 - 3.80   0.0814   
 3.80 - 3.90   0.0984   
 3.90 - 4.00   -0.0287  
 4.00 - 4.10   -0.0218  
 4.10 - 4.20   -0.0952  
 4.20 - 4.30   -0.2510  
 4.30 - 4.40   -0.3137  
 4.40 - 4.50   -0.2874  
 4.50 - 4.60   -0.3078  
 4.60 - 4.70   -0.3817  
 4.70 - 4.80   -0.4827  
 4.80 - 4.90   -0.5058  
 4.90 - 5.00   -0.4366  
 5.00 - 5.10   -0.3448  
 5.10 - 5.20   -0.2874  
 5.20 - 5.30   -0.2498  
 5.30 - 5.40   -0.1178  
 5.40 - 5.50   -0.1368  
 5.50 - 5.60   -0.1361  
 5.60 - 5.70   -0.1300  
 5.70 - 5.80   -0.0678  
 5.80 - 5.90   -0.0021  
 5.90 - 6.00   -0.0522  
 6.00 - 6.10   0.0035   
 6.10 - 6.20   -0.0591  
 6.20 - 6.30   -0.0069  
 6.30 - 6.40   -0.0169  
 6.40 - 6.50   0.0208   
 6.50 - 6.60   -0.0019  
 6.60 - 6.70   -0.0204  
 6.70 - 6.80   -0.0048  
 6.80 - 6.90   0.0467   
 6.90 - 7.00   -0.0184  
 7.00 - 7.10   -0.0130  
 7.10 - 7.20   -0.0153  
 7.20 - 7.30   0.0372   
 7.30 - 7.40   0.0135   
 7.40 - 7.50   -0.0386  
 7.50 - 7.60   0.0171   
 7.60 - 7.70   0.0283   
 7.70 - 7.80   0.0694   
 7.80 - 7.90   0.0563   
 7.90 - 8.00   0.0592   
 8.00 - 8.10   0.0689   
 8.10 - 8.20   0.0535   
 8.20 - 8.30   0.0733   
 8.30 - 8.40   0.0285   
 8.40 - 8.50   0.1329   
 8.50 - 8.60   0.0987   
 8.60 - 8.70   0.0495   
 8.70 - 8.80   0.0359   
 8.80 - 8.90   0.0507   
 8.90 - 9.00   0.0386   
 9.00 - 9.10   0.0766  
Type 7 N.pl3         
 2.10 - 2.20   3.1181     
 2.20 - 2.30   2.5158     
 2.30 - 2.40   1.9966     
 2.40 - 2.50   1.6447     
 2.50 - 2.60   0.8690     
 2.60 - 2.70   0.6458     
 2.70 - 2.80   -0.0096    
 2.80 - 2.90   -0.5029    
 2.90 - 3.00   -0.6272    
 3.00 - 3.10   -0.6175    
 3.10 - 3.20   -0.4445    
 3.20 - 3.30   -0.1611    
 3.30 - 3.40   0.1063     
 3.40 - 3.50   -0.0847    
 3.50 - 3.60   -0.0586    
 3.60 - 3.70   -0.1455    
 3.70 - 3.80   -0.2003    
 3.80 - 3.90   -0.1357    
 3.90 - 4.00   -0.2195    
 4.00 - 4.10   -0.2759    
 4.10 - 4.20   -0.2176    
 4.20 - 4.30   -0.3067    
 4.30 - 4.40   -0.2546    
 4.40 - 4.50   -0.1000    
 4.50 - 4.60   -0.1392    
 4.60 - 4.70   -0.1965    
 4.70 - 4.80   -0.1921    
 4.80 - 4.90   -0.1702    
 4.90 - 5.00   -0.1487    
 5.00 - 5.10   -0.1159    
 5.10 - 5.20   -0.2039    
 5.20 - 5.30   -0.0779    
 5.30 - 5.40   -0.0470    
 5.40 - 5.50   0.1340     
 5.50 - 5.60   0.0332     
 5.60 - 5.70   0.0155     
 5.70 - 5.80   -0.0206    
 5.80 - 5.90   -0.0544    
 5.90 - 6.00   -0.0576    
 6.00 - 6.10   -0.0876    
 6.10 - 6.20   -0.1843    
 6.20 - 6.30   -0.1743    
 6.30 - 6.40   -0.1842    
 6.40 - 6.50   0.0085     
 6.50 - 6.60   -0.0185    
 6.60 - 6.70   0.0133     
 6.70 - 6.80   0.0261     
 6.80 - 6.90   0.0418     
 6.90 - 7.00   -0.0204    
 7.00 - 7.10   -0.0651    
 7.10 - 7.20   -0.0895    
 7.20 - 7.30   -0.0092    
 7.30 - 7.40   -0.0134    
 7.40 - 7.50   0.0660     
 7.50 - 7.60   0.0242     
 7.60 - 7.70   0.0617     
 7.70 - 7.80   0.0090     
 7.80 - 7.90   0.0684     
 7.90 - 8.00   0.0577     
 8.00 - 8.10   -0.0038    
 8.10 - 8.20   0.0074     
 8.20 - 8.30   0.0401     
 8.30 - 8.40   0.0243     
 8.40 - 8.50   0.0224     
 8.50 - 8.60   0.0637     
 8.60 - 8.70   0.1182     
 8.70 - 8.80   0.1371     
 8.80 - 8.90   0.1691     
 8.90 - 9.00   0.2283     
 9.00 - 9.10   0.1783  
Type 8 O.3/O.ar           
 2.10 - 2.20   2.9024     
 2.20 - 2.30   2.2311     
 2.30 - 2.40   1.4998     
 2.40 - 2.50   1.1298     
 2.50 - 2.60   0.1460     
 2.60 - 2.70   -0.4878    
 2.70 - 2.80   -0.6659    
 2.80 - 2.90   -0.5465    
 2.90 - 3.00   -0.2952    
 3.00 - 3.10   -0.1085    
 3.10 - 3.20   -0.0596    
 3.20 - 3.30   0.0614     
 3.30 - 3.40   0.0314     
 3.40 - 3.50   0.0969     
 3.50 - 3.60   0.0735     
 3.60 - 3.70   0.0955     
 3.70 - 3.80   0.1201     
 3.80 - 3.90   -0.0149    
 3.90 - 4.00   0.0020     
 4.00 - 4.10   0.0177     
 4.10 - 4.20   -0.0218    
 4.20 - 4.30   -0.1231    
 4.30 - 4.40   -0.1046    
 4.40 - 4.50   -0.1900    
 4.50 - 4.60   -0.1783    
 4.60 - 4.70   -0.2055    
 4.70 - 4.80   -0.2518    
 4.80 - 4.90   -0.1784    
 4.90 - 5.00   -0.2571    
 5.00 - 5.10   -0.2509    
 5.10 - 5.20   -0.2232    
 5.20 - 5.30   -0.1615    
 5.30 - 5.40   -0.0686    
 5.40 - 5.50   -0.1001    
 5.50 - 5.60   -0.0818    
 5.60 - 5.70   -0.0968    
 5.70 - 5.80   -0.0409    
 5.80 - 5.90   -0.0324    
 5.90 - 6.00   -0.0606    
 6.00 - 6.10   -0.0088    
 6.10 - 6.20   -0.0281    
 6.20 - 6.30   -0.0521    
 6.30 - 6.40   -0.0562    
 6.40 - 6.50   -0.0279    
 6.50 - 6.60   -0.0272    
 6.60 - 6.70   0.0537     
 6.70 - 6.80   0.0207     
 6.80 - 6.90   -0.0216    
 6.90 - 7.00   -0.0235    
 7.00 - 7.10   -0.0405    
 7.10 - 7.20   -0.0392    
 7.20 - 7.30   -0.0314    
 7.30 - 7.40   -0.0229    
 7.40 - 7.50   -0.0373    
 7.50 - 7.60   -0.0434    
 7.60 - 7.70   -0.0107    
 7.70 - 7.80   -0.0068    
 7.80 - 7.90   0.0051     
 7.90 - 8.00   0.0022     
 8.00 - 8.10   0.0234     
 8.10 - 8.20   0.0772     
 8.20 - 8.30   0.0881     
 8.30 - 8.40   0.1055     
 8.40 - 8.50   0.0961     
 8.50 - 8.60   0.0842     
 8.60 - 8.70   0.0909     
 8.70 - 8.80   0.1007     
 8.80 - 8.90   0.0829     
 8.90 - 9.00   0.0847     
 9.00 - 9.10   0.1099  
Type 9 O.2/O.co2         
 2.10 - 2.20   2.4125   
 2.20 - 2.30   1.6517   
 2.30 - 2.40   1.1361   
 2.40 - 2.50   0.3964   
 2.50 - 2.60   -0.4739  
 2.60 - 2.70   -1.0726  
 2.70 - 2.80   -1.2046  
 2.80 - 2.90   -0.9871  
 2.90 - 3.00   -0.6414  
 3.00 - 3.10   -0.4283  
 3.10 - 3.20   -0.1368  
 3.20 - 3.30   0.0465   
 3.30 - 3.40   0.0558   
 3.40 - 3.50   0.0905   
 3.50 - 3.60   0.1489   
 3.60 - 3.70   0.0573   
 3.70 - 3.80   0.0563   
 3.80 - 3.90   0.1050   
 3.90 - 4.00   0.0393   
 4.00 - 4.10   0.0073   
 4.10 - 4.20   -0.0523  
 4.20 - 4.30   -0.0534  
 4.30 - 4.40   -0.0630  
 4.40 - 4.50   -0.1315  
 4.50 - 4.60   -0.1690  
 4.60 - 4.70   -0.2685  
 4.70 - 4.80   -0.2772  
 4.80 - 4.90   -0.3065  
 4.90 - 5.00   -0.3254  
 5.00 - 5.10   -0.2377  
 5.10 - 5.20   -0.1953  
 5.20 - 5.30   -0.0542  
 5.30 - 5.40   -0.0437  
 5.40 - 5.50   0.0268   
 5.50 - 5.60   0.0877   
 5.60 - 5.70   0.0834   
 5.70 - 5.80   0.0979   
 5.80 - 5.90   0.0600   
 5.90 - 6.00   0.0740   
 6.00 - 6.10   0.0821   
 6.10 - 6.20   0.0420   
 6.20 - 6.30   0.0306   
 6.30 - 6.40   0.0410   
 6.40 - 6.50   0.0107   
 6.50 - 6.60   -0.0020  
 6.60 - 6.70   -0.0299  
 6.70 - 6.80   -0.0316  
 6.80 - 6.90   -0.0713  
 6.90 - 7.00   -0.0533  
 7.00 - 7.10   -0.0813  
 7.10 - 7.20   -0.0714  
 7.20 - 7.30   -0.1120  
 7.30 - 7.40   -0.0587  
 7.40 - 7.50   -0.0558  
 7.50 - 7.60   -0.0196  
 7.60 - 7.70   0.0395   
 7.70 - 7.80   0.0298   
 7.80 - 7.90   0.0641   
 7.90 - 8.00   0.0699   
 8.00 - 8.10   0.0829   
 8.10 - 8.20   0.0932   
 8.20 - 8.30   0.0765   
 8.30 - 8.40   0.0797   
 8.40 - 8.50   0.1144   
 8.50 - 8.60   0.1118   
 8.60 - 8.70   0.0928   
 8.70 - 8.80   0.1017   
 8.80 - 8.90   0.0864   
 8.90 - 9.00   0.1051   
 9.00 - 9.10   0.1289  
Type 10 S.3/S.ar         
 2.10 - 2.20   2.7829  
 2.20 - 2.30   2.8738  
 2.30 - 2.40   2.9608  
 2.40 - 2.50   2.5000  
 2.50 - 2.60   2.4310  
 2.60 - 2.70   2.1024  
 2.70 - 2.80   1.8888  
 2.80 - 2.90   1.4007  
 2.90 - 3.00   1.8061  
 3.00 - 3.10   0.9172  
 3.10 - 3.20   0.3278  
 3.20 - 3.30   0.0829  
 3.30 - 3.40   -0.1588 
 3.40 - 3.50   -0.1000 
 3.50 - 3.60   -0.2215 
 3.60 - 3.70   -0.4353 
 3.70 - 3.80   -0.5932 
 3.80 - 3.90   -0.1791 
 3.90 - 4.00   -0.2492 
 4.00 - 4.10   -0.2945 
 4.10 - 4.20   -0.1066 
 4.20 - 4.30   0.0186  
 4.30 - 4.40   -0.0419 
 4.40 - 4.50   -0.1318 
 4.50 - 4.60   0.0055  
 4.60 - 4.70   0.1061  
 4.70 - 4.80   -0.2270 
 4.80 - 4.90   0.0031  
 4.90 - 5.00   -0.0380 
 5.00 - 5.10   0.0598  
 5.10 - 5.20   -0.1615 
 5.20 - 5.30   0.0250  
 5.30 - 5.40   -0.1814 
 5.40 - 5.50   0.0998  
 5.50 - 5.60   -0.0655 
 5.60 - 5.70   0.0147  
 5.70 - 5.80   -0.1624 
 5.80 - 5.90   -0.0111 
 5.90 - 6.00   -0.1014 
 6.00 - 6.10   -0.1109 
 6.10 - 6.20   0.0807  
 6.20 - 6.30   0.0650  
 6.30 - 6.40   -0.0349 
 6.40 - 6.50   0.0600  
 6.50 - 6.60   0.1055  
 6.60 - 6.70   0.0643  
 6.70 - 6.80   -0.0167 
 6.80 - 6.90   -0.0472 
 6.90 - 7.00   -0.0802 
 7.00 - 7.10   -0.0839 
 7.10 - 7.20   -0.1892 
 7.20 - 7.30   -0.1140 
 7.30 - 7.40   -0.0163 
 7.40 - 7.50   -0.0788 
 7.50 - 7.60   -0.0850 
 7.60 - 7.70   -0.1962 
 7.70 - 7.80   -0.0733 
 7.80 - 7.90   -0.1243 
 7.90 - 8.00   0.0850  
 8.00 - 8.10   0.0071  
 8.10 - 8.20   0.0185  
 8.20 - 8.30   0.1110  
 8.30 - 8.40   0.0670  
 8.40 - 8.50   0.0521  
 8.50 - 8.60   0.0714  
 8.60 - 8.70   -0.0571 
 8.70 - 8.80   -0.0413 
 8.80 - 8.90   0.0105  
 8.90 - 9.00   0.0900  
 9.00 - 9.10   -0.0228 
Type 11 F            
 2.10 - 2.20   4.0000  
 2.20 - 2.30   4.0000  
 2.30 - 2.40   3.3447  
 2.40 - 2.50   2.0418  
 2.50 - 2.60   1.4286  
 2.60 - 2.70   0.9459  
 2.70 - 2.80   0.5680  
 2.80 - 2.90   0.3632  
 2.90 - 3.00   -0.1324 
 3.00 - 3.10   -0.2114 
 3.10 - 3.20   -0.2889 
 3.20 - 3.30   -0.3636 
 3.30 - 3.40   -0.3030 
 3.40 - 3.50   -0.2941 
 3.50 - 3.60   -0.3189 
 3.60 - 3.70   0.0821  
 3.70 - 3.80   -0.0111 
 3.80 - 3.90   0.1125  
 3.90 - 4.00   -0.1494 
 4.00 - 4.10   -0.1101 
 4.10 - 4.20   -0.0823 
 4.20 - 4.30   0.0188  
 4.30 - 4.40   0.1102  
 4.40 - 4.50   0.0366  
 4.50 - 4.60   0.2966  
 4.60 - 4.70   0.0461  
 4.70 - 4.80   0.3454  
 4.80 - 4.90   0.1398  
 4.90 - 5.00   0.1161  
 5.00 - 5.10   0.0543  
 5.10 - 5.20   0.0386  
 5.20 - 5.30   -0.0314 
 5.30 - 5.40   0.0271  
 5.40 - 5.50   0.0925  
 5.50 - 5.60   0.0527  
 5.60 - 5.70   -0.0249 
 5.70 - 5.80   0.2590  
 5.80 - 5.90   0.0212  
 5.90 - 6.00   0.1400  
 6.00 - 6.10   0.0597  
 6.10 - 6.20   0.0592  
 6.20 - 6.30   0.1248  
 6.30 - 6.40   -0.0518 
 6.40 - 6.50   -0.0610 
 6.50 - 6.60   0.1530  
 6.60 - 6.70   0.0223  
 6.70 - 6.80   0.0081  
 6.80 - 6.90   -0.0005 
 6.90 - 7.00   -0.0201 
 7.00 - 7.10   -0.1451 
 7.10 - 7.20   -0.1170 
 7.20 - 7.30   -0.0043 
 7.30 - 7.40   -0.0413 
 7.40 - 7.50   -0.1589 
 7.50 - 7.60   -0.0863 
 7.60 - 7.70   -0.0631 
 7.70 - 7.80   -0.0372 
 7.80 - 7.90   -0.1011 
 7.90 - 8.00   -0.0350 
 8.00 - 8.10   -0.0845 
 8.10 - 8.20   0.0029  
 8.20 - 8.30   -0.0970 
 8.30 - 8.40   -0.0359 
 8.40 - 8.50   -0.0646 
 8.50 - 8.60   -0.0230 
 8.60 - 8.70   -0.1449 
 8.70 - 8.80   -0.0782 
 8.80 - 8.90   0.0228  
 8.90 - 9.00   -0.0654 
 9.00 - 9.10   -0.0178 
Type 12 Cl/Br/I           
 2.10 - 2.20   3.0000  
 2.20 - 2.30   3.0000  
 2.30 - 2.40   1.8544  
 2.40 - 2.50   1.9377  
 2.50 - 2.60   3.1163  
 2.60 - 2.70   2.0946  
 2.70 - 2.80   2.5742  
 2.80 - 2.90   1.3929  
 2.90 - 3.00   0.6351  
 3.00 - 3.10   0.5300  
 3.10 - 3.20   0.1377  
 3.20 - 3.30   -0.1828 
 3.30 - 3.40   -0.1666 
 3.40 - 3.50   -0.3735 
 3.50 - 3.60   -0.4561 
 3.60 - 3.70   -0.5609 
 3.70 - 3.80   -0.3319 
 3.80 - 3.90   -0.1028 
 3.90 - 4.00   0.0025  
 4.00 - 4.10   -0.0856 
 4.10 - 4.20   -0.1438 
 4.20 - 4.30   -0.4160 
 4.30 - 4.40   -0.3482 
 4.40 - 4.50   0.0867  
 4.50 - 4.60   -0.0824 
 4.60 - 4.70   0.0837  
 4.70 - 4.80   0.2015  
 4.80 - 4.90   0.1116  
 4.90 - 5.00   0.1121  
 5.00 - 5.10   -0.0710 
 5.10 - 5.20   0.3174  
 5.20 - 5.30   0.1538  
 5.30 - 5.40   0.1915  
 5.40 - 5.50   -0.0742 
 5.50 - 5.60   0.0467  
 5.60 - 5.70   0.0824  
 5.70 - 5.80   -0.0367 
 5.80 - 5.90   0.0495  
 5.90 - 6.00   0.1569  
 6.00 - 6.10   0.1902  
 6.10 - 6.20   0.3126  
 6.20 - 6.30   0.2458  
 6.30 - 6.40   0.1207  
 6.40 - 6.50   0.0522  
 6.50 - 6.60   0.1747  
 6.60 - 6.70   -0.0101 
 6.70 - 6.80   0.0795  
 6.80 - 6.90   0.0299  
 6.90 - 7.00   -0.0659 
 7.00 - 7.10   0.1131  
 7.10 - 7.20   -0.0367 
 7.20 - 7.30   -0.1552 
 7.30 - 7.40   -0.0699 
 7.40 - 7.50   -0.2489 
 7.50 - 7.60   -0.3477 
 7.60 - 7.70   -0.2924 
 7.70 - 7.80   -0.0811 
 7.80 - 7.90   -0.1197 
 7.90 - 8.00   -0.0861 
 8.00 - 8.10   -0.1643 
 8.10 - 8.20   -0.0571 
 8.20 - 8.30   -0.1001 
 8.30 - 8.40   -0.0168 
 8.40 - 8.50   0.0276  
 8.50 - 8.60   0.0553  
 8.60 - 8.70   -0.0054 
 8.70 - 8.80   0.1057  
 8.80 - 8.90   -0.0370 
 8.90 - 9.00   -0.0074 
 9.00 - 9.10   0.0850  
