### PMF Parameters for 30 Protein Atom Types
Distance  2.10  9.00 
Type 1 C.2 
 2.10 - 2.20   4.0951        
 2.20 - 2.30   3.9779        
 2.30 - 2.40   3.6565        
 2.40 - 2.50   3.4414        
 2.50 - 2.60   3.1252        
 2.60 - 2.70   2.7831        
 2.70 - 2.80   2.3944        
 2.80 - 2.90   2.0388        
 2.90 - 3.00   1.6471        
 3.00 - 3.10   1.2194        
 3.10 - 3.20   0.7868        
 3.20 - 3.30   0.4050        
 3.30 - 3.40   0.0995        
 3.40 - 3.50   -0.2075       
 3.50 - 3.60   -0.4327       
 3.60 - 3.70   -0.5506       
 3.70 - 3.80   -0.5715       
 3.80 - 3.90   -0.4866       
 3.90 - 4.00   -0.3425       
 4.00 - 4.10   -0.2075       
 4.10 - 4.20   -0.1151       
 4.20 - 4.30   -0.0609       
 4.30 - 4.40   -0.0279       
 4.40 - 4.50   -0.0118       
 4.50 - 4.60   -0.0100       
 4.60 - 4.70   -0.0241       
 4.70 - 4.80   -0.0435       
 4.80 - 4.90   -0.0589       
 4.90 - 5.00   -0.0657       
 5.00 - 5.10   -0.0612       
 5.10 - 5.20   -0.0463       
 5.20 - 5.30   -0.0384       
 5.30 - 5.40   -0.0417       
 5.40 - 5.50   -0.0568       
 5.50 - 5.60   -0.0738       
 5.60 - 5.70   -0.0844       
 5.70 - 5.80   -0.0661       
 5.80 - 5.90   -0.0402       
 5.90 - 6.00   -0.0156       
 6.00 - 6.10   0.0031        
 6.10 - 6.20   0.0264        
 6.20 - 6.30   0.0524        
 6.30 - 6.40   0.0717        
 6.40 - 6.50   0.0792        
 6.50 - 6.60   0.0827        
 6.60 - 6.70   0.0765        
 6.70 - 6.80   0.0685        
 6.80 - 6.90   0.0598        
 6.90 - 7.00   0.0520        
 7.00 - 7.10   0.0415        
 7.10 - 7.20   0.0338        
 7.20 - 7.30   0.0229        
 7.30 - 7.40   0.0192        
 7.40 - 7.50   0.0148        
 7.50 - 7.60   0.0095        
 7.60 - 7.70   -0.0000       
 7.70 - 7.80   -0.0184       
 7.80 - 7.90   -0.0336       
 7.90 - 8.00   -0.0467       
 8.00 - 8.10   -0.0523       
 8.10 - 8.20   -0.0535       
 8.20 - 8.30   -0.0503       
 8.30 - 8.40   -0.0453       
 8.40 - 8.50   -0.0340       
 8.50 - 8.60   -0.0152       
 8.60 - 8.70   0.0114        
 8.70 - 8.80   0.0335        
 8.80 - 8.90   0.0495        
 8.90 - 9.00   0.0624        
 9.00 - 9.10   0.0675          
Type 2 C.cat      
 2.10 - 2.20   3.2039  
 2.20 - 2.30   2.9246  
 2.30 - 2.40   2.7207  
 2.40 - 2.50   2.5150  
 2.50 - 2.60   2.2266  
 2.60 - 2.70   1.9508  
 2.70 - 2.80   1.5641  
 2.80 - 2.90   1.3060  
 2.90 - 3.00   0.9637  
 3.00 - 3.10   0.7205  
 3.10 - 3.20   0.4174  
 3.20 - 3.30   0.1348  
 3.30 - 3.40   -0.0638 
 3.40 - 3.50   -0.2831 
 3.50 - 3.60   -0.4363 
 3.60 - 3.70   -0.5749 
 3.70 - 3.80   -0.6555 
 3.80 - 3.90   -0.6984 
 3.90 - 4.00   -0.6975 
 4.00 - 4.10   -0.6119 
 4.10 - 4.20   -0.4791 
 4.20 - 4.30   -0.3710 
 4.30 - 4.40   -0.2953 
 4.40 - 4.50   -0.2448 
 4.50 - 4.60   -0.2081 
 4.60 - 4.70   -0.1657 
 4.70 - 4.80   -0.1425 
 4.80 - 4.90   -0.1251 
 4.90 - 5.00   -0.1137 
 5.00 - 5.10   -0.1067 
 5.10 - 5.20   -0.1053 
 5.20 - 5.30   -0.1160 
 5.30 - 5.40   -0.1075 
 5.40 - 5.50   -0.1114 
 5.50 - 5.60   -0.1035 
 5.60 - 5.70   -0.0942 
 5.70 - 5.80   -0.0763 
 5.80 - 5.90   -0.0653 
 5.90 - 6.00   -0.0358 
 6.00 - 6.10   -0.0121 
 6.10 - 6.20   0.0277  
 6.20 - 6.30   0.0501  
 6.30 - 6.40   0.0690  
 6.40 - 6.50   0.0828  
 6.50 - 6.60   0.0930  
 6.60 - 6.70   0.0957  
 6.70 - 6.80   0.0949  
 6.80 - 6.90   0.0843  
 6.90 - 7.00   0.0751  
 7.00 - 7.10   0.0644  
 7.10 - 7.20   0.0537  
 7.20 - 7.30   0.0506  
 7.30 - 7.40   0.0395  
 7.40 - 7.50   0.0509  
 7.50 - 7.60   0.0420  
 7.60 - 7.70   0.0385  
 7.70 - 7.80   0.0441  
 7.80 - 7.90   0.0440  
 7.90 - 8.00   0.0531  
 8.00 - 8.10   0.0575  
 8.10 - 8.20   0.0707  
 8.20 - 8.30   0.0834  
 8.30 - 8.40   0.0937  
 8.40 - 8.50   0.1091  
 8.50 - 8.60   0.1161  
 8.60 - 8.70   0.1291  
 8.70 - 8.80   0.1384  
 8.80 - 8.90   0.1436  
 8.90 - 9.00   0.1450  
 9.00 - 9.10   0.1522  
Type 3 C.ar       
 2.10 - 2.20   4.1096     
 2.20 - 2.30   3.7351     
 2.30 - 2.40   3.5713     
 2.40 - 2.50   3.3060     
 2.50 - 2.60   2.9662     
 2.60 - 2.70   2.5686     
 2.70 - 2.80   2.1056     
 2.80 - 2.90   1.7912     
 2.90 - 3.00   1.5709     
 3.00 - 3.10   1.3038     
 3.10 - 3.20   0.9401     
 3.20 - 3.30   0.5716     
 3.30 - 3.40   0.2676     
 3.40 - 3.50   0.0232     
 3.50 - 3.60   -0.1185    
 3.60 - 3.70   -0.1757    
 3.70 - 3.80   -0.1890    
 3.80 - 3.90   -0.1693    
 3.90 - 4.00   -0.1375    
 4.00 - 4.10   -0.1008    
 4.10 - 4.20   -0.0688    
 4.20 - 4.30   -0.0462    
 4.30 - 4.40   -0.0385    
 4.40 - 4.50   -0.0372    
 4.50 - 4.60   -0.0514    
 4.60 - 4.70   -0.0799    
 4.70 - 4.80   -0.1174    
 4.80 - 4.90   -0.1379    
 4.90 - 5.00   -0.1180    
 5.00 - 5.10   -0.0825    
 5.10 - 5.20   -0.0434    
 5.20 - 5.30   -0.0089    
 5.30 - 5.40   0.0095     
 5.40 - 5.50   0.0149     
 5.50 - 5.60   0.0096     
 5.60 - 5.70   -0.0090    
 5.70 - 5.80   -0.0400    
 5.80 - 5.90   -0.0624    
 5.90 - 6.00   -0.0663    
 6.00 - 6.10   -0.0522    
 6.10 - 6.20   -0.0413    
 6.20 - 6.30   -0.0229    
 6.30 - 6.40   -0.0090    
 6.40 - 6.50   0.0045     
 6.50 - 6.60   0.0168     
 6.60 - 6.70   0.0220     
 6.70 - 6.80   0.0249     
 6.80 - 6.90   0.0257     
 6.90 - 7.00   0.0239     
 7.00 - 7.10   0.0159     
 7.10 - 7.20   0.0107     
 7.20 - 7.30   0.0050     
 7.30 - 7.40   -0.0009    
 7.40 - 7.50   -0.0019    
 7.50 - 7.60   -0.0092    
 7.60 - 7.70   -0.0134    
 7.70 - 7.80   -0.0193    
 7.80 - 7.90   -0.0236    
 7.90 - 8.00   -0.0244    
 8.00 - 8.10   -0.0270    
 8.10 - 8.20   -0.0295    
 8.20 - 8.30   -0.0326    
 8.30 - 8.40   -0.0334    
 8.40 - 8.50   -0.0366    
 8.50 - 8.60   -0.0357    
 8.60 - 8.70   -0.0370    
 8.70 - 8.80   -0.0359    
 8.80 - 8.90   -0.0346    
 8.90 - 9.00   -0.0338    
 9.00 - 9.10   -0.0330  
Type 4 C.3          
 2.10 - 2.20   4.0987     
 2.20 - 2.30   3.7124     
 2.30 - 2.40   3.3816     
 2.40 - 2.50   3.1747     
 2.50 - 2.60   2.8780     
 2.60 - 2.70   2.5482     
 2.70 - 2.80   2.1306     
 2.80 - 2.90   1.8246     
 2.90 - 3.00   1.5173     
 3.00 - 3.10   1.1869     
 3.10 - 3.20   0.8131     
 3.20 - 3.30   0.4440     
 3.30 - 3.40   0.0937     
 3.40 - 3.50   -0.1582    
 3.50 - 3.60   -0.3102    
 3.60 - 3.70   -0.4122    
 3.70 - 3.80   -0.4559    
 3.80 - 3.90   -0.4466    
 3.90 - 4.00   -0.3951    
 4.00 - 4.10   -0.3317    
 4.10 - 4.20   -0.2725    
 4.20 - 4.30   -0.2246    
 4.30 - 4.40   -0.1871    
 4.40 - 4.50   -0.1605    
 4.50 - 4.60   -0.1452    
 4.60 - 4.70   -0.1386    
 4.70 - 4.80   -0.1364    
 4.80 - 4.90   -0.1332    
 4.90 - 5.00   -0.1226    
 5.00 - 5.10   -0.0966    
 5.10 - 5.20   -0.0627    
 5.20 - 5.30   -0.0308    
 5.30 - 5.40   -0.0083    
 5.40 - 5.50   0.0152     
 5.50 - 5.60   0.0501     
 5.60 - 5.70   0.0806     
 5.70 - 5.80   0.0971     
 5.80 - 5.90   0.1012     
 5.90 - 6.00   0.1037     
 6.00 - 6.10   0.0998     
 6.10 - 6.20   0.0976     
 6.20 - 6.30   0.0923     
 6.30 - 6.40   0.0871     
 6.40 - 6.50   0.0845     
 6.50 - 6.60   0.0780     
 6.60 - 6.70   0.0666     
 6.70 - 6.80   0.0502     
 6.80 - 6.90   0.0354     
 6.90 - 7.00   0.0297     
 7.00 - 7.10   0.0277     
 7.10 - 7.20   0.0272     
 7.20 - 7.30   0.0245     
 7.30 - 7.40   0.0223     
 7.40 - 7.50   0.0187     
 7.50 - 7.60   0.0122     
 7.60 - 7.70   0.0024     
 7.70 - 7.80   -0.0076    
 7.80 - 7.90   -0.0130    
 7.90 - 8.00   -0.0177    
 8.00 - 8.10   -0.0194    
 8.10 - 8.20   -0.0223    
 8.20 - 8.30   -0.0254    
 8.30 - 8.40   -0.0290    
 8.40 - 8.50   -0.0317    
 8.50 - 8.60   -0.0324    
 8.60 - 8.70   -0.0314    
 8.70 - 8.80   -0.0292    
 8.80 - 8.90   -0.0275    
 8.90 - 9.00   -0.0261    
 9.00 - 9.10   -0.0211    
Type 5 N.am      
 2.10 - 2.20   3.1469      
 2.20 - 2.30   2.5817      
 2.30 - 2.40   2.1753      
 2.40 - 2.50   1.7344      
 2.50 - 2.60   1.2811      
 2.60 - 2.70   0.7599      
 2.70 - 2.80   0.2423      
 2.80 - 2.90   -0.1325     
 2.90 - 3.00   -0.2330     
 3.00 - 3.10   -0.0546     
 3.10 - 3.20   0.1524      
 3.20 - 3.30   0.2238      
 3.30 - 3.40   0.1805      
 3.40 - 3.50   0.1196      
 3.50 - 3.60   0.0823      
 3.60 - 3.70   0.0552      
 3.70 - 3.80   0.0510      
 3.80 - 3.90   0.0530      
 3.90 - 4.00   0.0548      
 4.00 - 4.10   0.0405      
 4.10 - 4.20   0.0147      
 4.20 - 4.30   -0.0070     
 4.30 - 4.40   -0.0270     
 4.40 - 4.50   -0.0526     
 4.50 - 4.60   -0.1065     
 4.60 - 4.70   -0.1873     
 4.70 - 4.80   -0.2761     
 4.80 - 4.90   -0.3186     
 4.90 - 5.00   -0.2870     
 5.00 - 5.10   -0.2172     
 5.10 - 5.20   -0.1438     
 5.20 - 5.30   -0.0842     
 5.30 - 5.40   -0.0439     
 5.40 - 5.50   -0.0242     
 5.50 - 5.60   -0.0146     
 5.60 - 5.70   -0.0145     
 5.70 - 5.80   -0.0190     
 5.80 - 5.90   -0.0245     
 5.90 - 6.00   -0.0310     
 6.00 - 6.10   -0.0449     
 6.10 - 6.20   -0.0521     
 6.20 - 6.30   -0.0364     
 6.30 - 6.40   -0.0034     
 6.40 - 6.50   0.0267      
 6.50 - 6.60   0.0436      
 6.60 - 6.70   0.0507      
 6.70 - 6.80   0.0489      
 6.80 - 6.90   0.0411      
 6.90 - 7.00   0.0337      
 7.00 - 7.10   0.0302      
 7.10 - 7.20   0.0310      
 7.20 - 7.30   0.0297      
 7.30 - 7.40   0.0267      
 7.40 - 7.50   0.0166      
 7.50 - 7.60   0.0025      
 7.60 - 7.70   -0.0151     
 7.70 - 7.80   -0.0222     
 7.80 - 7.90   -0.0150     
 7.90 - 8.00   -0.0008     
 8.00 - 8.10   0.0112      
 8.10 - 8.20   0.0176      
 8.20 - 8.30   0.0193      
 8.30 - 8.40   0.0177      
 8.40 - 8.50   0.0129      
 8.50 - 8.60   0.0054      
 8.60 - 8.70   -0.0041     
 8.70 - 8.80   -0.0163     
 8.80 - 8.90   -0.0236     
 8.90 - 9.00   -0.0241     
 9.00 - 9.10   -0.0188     
Type 6 N.pl3         
 2.10 - 2.20   2.0826   
 2.20 - 2.30   1.4916   
 2.30 - 2.40   1.1290   
 2.40 - 2.50   0.7481   
 2.50 - 2.60   0.3832   
 2.60 - 2.70   0.0580   
 2.70 - 2.80   -0.2701  
 2.80 - 2.90   -0.4547  
 2.90 - 3.00   -0.4939  
 3.00 - 3.10   -0.3883  
 3.10 - 3.20   -0.2717  
 3.20 - 3.30   -0.2030  
 3.30 - 3.40   -0.1817  
 3.40 - 3.50   -0.1957  
 3.50 - 3.60   -0.2049  
 3.60 - 3.70   -0.2309  
 3.70 - 3.80   -0.2323  
 3.80 - 3.90   -0.2336  
 3.90 - 4.00   -0.2385  
 4.00 - 4.10   -0.2568  
 4.10 - 4.20   -0.2592  
 4.20 - 4.30   -0.2242  
 4.30 - 4.40   -0.1818  
 4.40 - 4.50   -0.1613  
 4.50 - 4.60   -0.1622  
 4.60 - 4.70   -0.1740  
 4.70 - 4.80   -0.2114  
 4.80 - 4.90   -0.2481  
 4.90 - 5.00   -0.2847  
 5.00 - 5.10   -0.2974  
 5.10 - 5.20   -0.2752  
 5.20 - 5.30   -0.2215  
 5.30 - 5.40   -0.1524  
 5.40 - 5.50   -0.0974  
 5.50 - 5.60   -0.0634  
 5.60 - 5.70   -0.0382  
 5.70 - 5.80   -0.0205  
 5.80 - 5.90   -0.0076  
 5.90 - 6.00   -0.0038  
 6.00 - 6.10   0.0057   
 6.10 - 6.20   0.0064   
 6.20 - 6.30   0.0118   
 6.30 - 6.40   0.0137   
 6.40 - 6.50   0.0218   
 6.50 - 6.60   0.0195   
 6.60 - 6.70   0.0230   
 6.70 - 6.80   0.0213   
 6.80 - 6.90   0.0252   
 6.90 - 7.00   0.0286   
 7.00 - 7.10   0.0311   
 7.10 - 7.20   0.0424   
 7.20 - 7.30   0.0456   
 7.30 - 7.40   0.0520   
 7.40 - 7.50   0.0584   
 7.50 - 7.60   0.0598   
 7.60 - 7.70   0.0688   
 7.70 - 7.80   0.0755   
 7.80 - 7.90   0.0783   
 7.90 - 8.00   0.0840   
 8.00 - 8.10   0.0935   
 8.10 - 8.20   0.0947   
 8.20 - 8.30   0.0960   
 8.30 - 8.40   0.1011   
 8.40 - 8.50   0.1004   
 8.50 - 8.60   0.1086   
 8.60 - 8.70   0.1143   
 8.70 - 8.80   0.1204   
 8.80 - 8.90   0.1224   
 8.90 - 9.00   0.1299   
 9.00 - 9.10   0.1329   
Type 7 N.ar          
 2.10 - 2.20   2.4623    
 2.20 - 2.30   1.8377    
 2.30 - 2.40   1.4534    
 2.40 - 2.50   1.0082    
 2.50 - 2.60   0.5130    
 2.60 - 2.70   -0.0118   
 2.70 - 2.80   -0.3932   
 2.80 - 2.90   -0.4366   
 2.90 - 3.00   -0.3080   
 3.00 - 3.10   -0.1161   
 3.10 - 3.20   0.0075    
 3.20 - 3.30   0.0451    
 3.30 - 3.40   0.0154    
 3.40 - 3.50   -0.0518   
 3.50 - 3.60   -0.0965   
 3.60 - 3.70   -0.1372   
 3.70 - 3.80   -0.1630   
 3.80 - 3.90   -0.1746   
 3.90 - 4.00   -0.1856   
 4.00 - 4.10   -0.1802   
 4.10 - 4.20   -0.1864   
 4.20 - 4.30   -0.1876   
 4.30 - 4.40   -0.2019   
 4.40 - 4.50   -0.2254   
 4.50 - 4.60   -0.2489   
 4.60 - 4.70   -0.2759   
 4.70 - 4.80   -0.3157   
 4.80 - 4.90   -0.3133   
 4.90 - 5.00   -0.2562   
 5.00 - 5.10   -0.1720   
 5.10 - 5.20   -0.1042   
 5.20 - 5.30   -0.0629   
 5.30 - 5.40   -0.0296   
 5.40 - 5.50   -0.0023   
 5.50 - 5.60   0.0265    
 5.60 - 5.70   0.0403    
 5.70 - 5.80   0.0501    
 5.80 - 5.90   0.0598    
 5.90 - 6.00   0.0646    
 6.00 - 6.10   0.0705    
 6.10 - 6.20   0.0748    
 6.20 - 6.30   0.0620    
 6.30 - 6.40   0.0494    
 6.40 - 6.50   0.0321    
 6.50 - 6.60   0.0209    
 6.60 - 6.70   0.0117    
 6.70 - 6.80   0.0052    
 6.80 - 6.90   0.0018    
 6.90 - 7.00   -0.0015   
 7.00 - 7.10   -0.0091   
 7.10 - 7.20   -0.0049   
 7.20 - 7.30   -0.0014   
 7.30 - 7.40   0.0053    
 7.40 - 7.50   0.0129    
 7.50 - 7.60   0.0232    
 7.60 - 7.70   0.0245    
 7.70 - 7.80   0.0353    
 7.80 - 7.90   0.0358    
 7.90 - 8.00   0.0407    
 8.00 - 8.10   0.0404    
 8.10 - 8.20   0.0491    
 8.20 - 8.30   0.0446    
 8.30 - 8.40   0.0499    
 8.40 - 8.50   0.0498    
 8.50 - 8.60   0.0558    
 8.60 - 8.70   0.0646    
 8.70 - 8.80   0.0591    
 8.80 - 8.90   0.0604    
 8.90 - 9.00   0.0694    
 9.00 - 9.10   0.0686    
Type 8 N.4          
 2.10 - 2.20   1.8206      
 2.20 - 2.30   1.2187      
 2.30 - 2.40   0.7698      
 2.40 - 2.50   0.2884      
 2.50 - 2.60   -0.1116     
 2.60 - 2.70   -0.5208     
 2.70 - 2.80   -0.7952     
 2.80 - 2.90   -0.7822     
 2.90 - 3.00   -0.6724     
 3.00 - 3.10   -0.5555     
 3.10 - 3.20   -0.4445     
 3.20 - 3.30   -0.3374     
 3.30 - 3.40   -0.2642     
 3.40 - 3.50   -0.2050     
 3.50 - 3.60   -0.1492     
 3.60 - 3.70   -0.1267     
 3.70 - 3.80   -0.1217     
 3.80 - 3.90   -0.1347     
 3.90 - 4.00   -0.1430     
 4.00 - 4.10   -0.1754     
 4.10 - 4.20   -0.1965     
 4.20 - 4.30   -0.2075     
 4.30 - 4.40   -0.2332     
 4.40 - 4.50   -0.2353     
 4.50 - 4.60   -0.2455     
 4.60 - 4.70   -0.2402     
 4.70 - 4.80   -0.2328     
 4.80 - 4.90   -0.2025     
 4.90 - 5.00   -0.1841     
 5.00 - 5.10   -0.1555     
 5.10 - 5.20   -0.1234     
 5.20 - 5.30   -0.0925     
 5.30 - 5.40   -0.0622     
 5.40 - 5.50   -0.0280     
 5.50 - 5.60   -0.0181     
 5.60 - 5.70   0.0072      
 5.70 - 5.80   0.0219      
 5.80 - 5.90   0.0270      
 5.90 - 6.00   0.0275      
 6.00 - 6.10   0.0341      
 6.10 - 6.20   0.0362      
 6.20 - 6.30   0.0314      
 6.30 - 6.40   0.0292      
 6.40 - 6.50   0.0294      
 6.50 - 6.60   0.0157      
 6.60 - 6.70   0.0211      
 6.70 - 6.80   0.0079      
 6.80 - 6.90   0.0119      
 6.90 - 7.00   0.0153      
 7.00 - 7.10   0.0073      
 7.10 - 7.20   0.0157      
 7.20 - 7.30   0.0210      
 7.30 - 7.40   0.0176      
 7.40 - 7.50   0.0297      
 7.50 - 7.60   0.0411      
 7.60 - 7.70   0.0500      
 7.70 - 7.80   0.0646      
 7.80 - 7.90   0.0832      
 7.90 - 8.00   0.0951      
 8.00 - 8.10   0.1073      
 8.10 - 8.20   0.1117      
 8.20 - 8.30   0.1203      
 8.30 - 8.40   0.1202      
 8.40 - 8.50   0.1264      
 8.50 - 8.60   0.1326      
 8.60 - 8.70   0.1447      
 8.70 - 8.80   0.1427      
 8.80 - 8.90   0.1427      
 8.90 - 9.00   0.1441      
 9.00 - 9.10   0.1469    
Type 9 O.2          
 2.10 - 2.20   2.5001    
 2.20 - 2.30   1.7522    
 2.30 - 2.40   1.2437    
 2.40 - 2.50   0.6732    
 2.50 - 2.60   0.0426    
 2.60 - 2.70   -0.4787   
 2.70 - 2.80   -0.6716   
 2.80 - 2.90   -0.5339   
 2.90 - 3.00   -0.2748   
 3.00 - 3.10   -0.0439   
 3.10 - 3.20   0.1116    
 3.20 - 3.30   0.1959    
 3.30 - 3.40   0.2146    
 3.40 - 3.50   0.2206    
 3.50 - 3.60   0.2125    
 3.60 - 3.70   0.2020    
 3.70 - 3.80   0.1957    
 3.80 - 3.90   0.1880    
 3.90 - 4.00   0.1835    
 4.00 - 4.10   0.1689    
 4.10 - 4.20   0.1520    
 4.20 - 4.30   0.1291    
 4.30 - 4.40   0.0922    
 4.40 - 4.50   0.0539    
 4.50 - 4.60   0.0140    
 4.60 - 4.70   -0.0338   
 4.70 - 4.80   -0.1012   
 4.80 - 4.90   -0.1891   
 4.90 - 5.00   -0.2337   
 5.00 - 5.10   -0.1930   
 5.10 - 5.20   -0.1171   
 5.20 - 5.30   -0.0427   
 5.30 - 5.40   0.0180    
 5.40 - 5.50   0.0588    
 5.50 - 5.60   0.0743    
 5.60 - 5.70   0.0720    
 5.70 - 5.80   0.0595    
 5.80 - 5.90   0.0465    
 5.90 - 6.00   0.0335    
 6.00 - 6.10   0.0208    
 6.10 - 6.20   0.0156    
 6.20 - 6.30   0.0177    
 6.30 - 6.40   0.0114    
 6.40 - 6.50   -0.0027   
 6.50 - 6.60   -0.0257   
 6.60 - 6.70   -0.0510   
 6.70 - 6.80   -0.0742   
 6.80 - 6.90   -0.0954   
 6.90 - 7.00   -0.1136   
 7.00 - 7.10   -0.1238   
 7.10 - 7.20   -0.1294   
 7.20 - 7.30   -0.1273   
 7.30 - 7.40   -0.1192   
 7.40 - 7.50   -0.1056   
 7.50 - 7.60   -0.0834   
 7.60 - 7.70   -0.0546   
 7.70 - 7.80   -0.0250   
 7.80 - 7.90   -0.0006   
 7.90 - 8.00   0.0175    
 8.00 - 8.10   0.0303    
 8.10 - 8.20   0.0389    
 8.20 - 8.30   0.0474    
 8.30 - 8.40   0.0537    
 8.40 - 8.50   0.0573    
 8.50 - 8.60   0.0632    
 8.60 - 8.70   0.0691    
 8.70 - 8.80   0.0754    
 8.80 - 8.90   0.0804    
 8.90 - 9.00   0.0827    
 9.00 - 9.10   0.0844   
Type 10 O.co2          
 2.10 - 2.20   1.6205   
 2.20 - 2.30   0.8489   
 2.30 - 2.40   0.3921   
 2.40 - 2.50   -0.1148  
 2.50 - 2.60   -0.5682  
 2.60 - 2.70   -0.8729  
 2.70 - 2.80   -0.8586  
 2.80 - 2.90   -0.6324  
 2.90 - 3.00   -0.4225  
 3.00 - 3.10   -0.2558  
 3.10 - 3.20   -0.1481  
 3.20 - 3.30   -0.1005  
 3.30 - 3.40   -0.0910  
 3.40 - 3.50   -0.1042  
 3.50 - 3.60   -0.1045  
 3.60 - 3.70   -0.1102  
 3.70 - 3.80   -0.1099  
 3.80 - 3.90   -0.1057  
 3.90 - 4.00   -0.0979  
 4.00 - 4.10   -0.1128  
 4.10 - 4.20   -0.1345  
 4.20 - 4.30   -0.1700  
 4.30 - 4.40   -0.2167  
 4.40 - 4.50   -0.2717  
 4.50 - 4.60   -0.3344  
 4.60 - 4.70   -0.3793  
 4.70 - 4.80   -0.3742  
 4.80 - 4.90   -0.3027  
 4.90 - 5.00   -0.2127  
 5.00 - 5.10   -0.1385  
 5.10 - 5.20   -0.0817  
 5.20 - 5.30   -0.0474  
 5.30 - 5.40   -0.0247  
 5.40 - 5.50   -0.0099  
 5.50 - 5.60   -0.0004  
 5.60 - 5.70   0.0005   
 5.70 - 5.80   0.0001   
 5.80 - 5.90   -0.0026  
 5.90 - 6.00   -0.0049  
 6.00 - 6.10   0.0019   
 6.10 - 6.20   0.0065   
 6.20 - 6.30   0.0100   
 6.30 - 6.40   0.0158   
 6.40 - 6.50   0.0112   
 6.50 - 6.60   0.0141   
 6.60 - 6.70   0.0142   
 6.70 - 6.80   0.0158   
 6.80 - 6.90   0.0180   
 6.90 - 7.00   0.0175   
 7.00 - 7.10   0.0222   
 7.10 - 7.20   0.0299   
 7.20 - 7.30   0.0459   
 7.30 - 7.40   0.0556   
 7.40 - 7.50   0.0701   
 7.50 - 7.60   0.0810   
 7.60 - 7.70   0.0947   
 7.70 - 7.80   0.1057   
 7.80 - 7.90   0.1101   
 7.90 - 8.00   0.1118   
 8.00 - 8.10   0.1148   
 8.10 - 8.20   0.1114   
 8.20 - 8.30   0.1112   
 8.30 - 8.40   0.1068   
 8.40 - 8.50   0.1081   
 8.50 - 8.60   0.1108   
 8.60 - 8.70   0.1112   
 8.70 - 8.80   0.1136   
 8.80 - 8.90   0.1139   
 8.90 - 9.00   0.1168   
 9.00 - 9.10   0.1246  
Type 11 O.3            
 2.10 - 2.20   2.0178     
 2.20 - 2.30   1.2543     
 2.30 - 2.40   0.7153     
 2.40 - 2.50   0.1113     
 2.50 - 2.60   -0.4705    
 2.60 - 2.70   -0.8784    
 2.70 - 2.80   -0.9320    
 2.80 - 2.90   -0.7312    
 2.90 - 3.00   -0.4991    
 3.00 - 3.10   -0.2992    
 3.10 - 3.20   -0.1706    
 3.20 - 3.30   -0.0972    
 3.30 - 3.40   -0.0638    
 3.40 - 3.50   -0.0454    
 3.50 - 3.60   -0.0172    
 3.60 - 3.70   -0.0108    
 3.70 - 3.80   -0.0095    
 3.80 - 3.90   -0.0112    
 3.90 - 4.00   -0.0296    
 4.00 - 4.10   -0.0547    
 4.10 - 4.20   -0.0779    
 4.20 - 4.30   -0.1055    
 4.30 - 4.40   -0.1293    
 4.40 - 4.50   -0.1537    
 4.50 - 4.60   -0.1764    
 4.60 - 4.70   -0.1900    
 4.70 - 4.80   -0.1896    
 4.80 - 4.90   -0.1695    
 4.90 - 5.00   -0.1326    
 5.00 - 5.10   -0.0856    
 5.10 - 5.20   -0.0280    
 5.20 - 5.30   0.0174     
 5.30 - 5.40   0.0565     
 5.40 - 5.50   0.0787     
 5.50 - 5.60   0.0867     
 5.60 - 5.70   0.0913     
 5.70 - 5.80   0.0858     
 5.80 - 5.90   0.0822     
 5.90 - 6.00   0.0733     
 6.00 - 6.10   0.0652     
 6.10 - 6.20   0.0657     
 6.20 - 6.30   0.0600     
 6.30 - 6.40   0.0582     
 6.40 - 6.50   0.0551     
 6.50 - 6.60   0.0534     
 6.60 - 6.70   0.0458     
 6.70 - 6.80   0.0359     
 6.80 - 6.90   0.0183     
 6.90 - 7.00   0.0052     
 7.00 - 7.10   -0.0084    
 7.10 - 7.20   -0.0183    
 7.20 - 7.30   -0.0197    
 7.30 - 7.40   -0.0206    
 7.40 - 7.50   -0.0150    
 7.50 - 7.60   -0.0106    
 7.60 - 7.70   0.0039     
 7.70 - 7.80   0.0236     
 7.80 - 7.90   0.0408     
 7.90 - 8.00   0.0517     
 8.00 - 8.10   0.0582     
 8.10 - 8.20   0.0579     
 8.20 - 8.30   0.0599     
 8.30 - 8.40   0.0521     
 8.40 - 8.50   0.0466     
 8.50 - 8.60   0.0468     
 8.60 - 8.70   0.0456     
 8.70 - 8.80   0.0436     
 8.80 - 8.90   0.0498     
 8.90 - 9.00   0.0558     
 9.00 - 9.10   0.0613   
Type 12 S.3           
 2.10 - 2.20   2.1385    
 2.20 - 2.30   1.9324    
 2.30 - 2.40   1.7581    
 2.40 - 2.50   1.6538    
 2.50 - 2.60   1.6824    
 2.60 - 2.70   1.5579    
 2.70 - 2.80   1.4158    
 2.80 - 2.90   1.2908    
 2.90 - 3.00   1.0381    
 3.00 - 3.10   0.7944    
 3.10 - 3.20   0.5638    
 3.20 - 3.30   0.3541    
 3.30 - 3.40   0.2407    
 3.40 - 3.50   0.1220    
 3.50 - 3.60   0.0711    
 3.60 - 3.70   0.0019    
 3.70 - 3.80   -0.0125   
 3.80 - 3.90   -0.0045   
 3.90 - 4.00   0.0041    
 4.00 - 4.10   0.0120    
 4.10 - 4.20   -0.0154   
 4.20 - 4.30   -0.0190   
 4.30 - 4.40   -0.0290   
 4.40 - 4.50   -0.0369   
 4.50 - 4.60   -0.0587   
 4.60 - 4.70   -0.0700   
 4.70 - 4.80   -0.0880   
 4.80 - 4.90   -0.1116   
 4.90 - 5.00   -0.1275   
 5.00 - 5.10   -0.1190   
 5.10 - 5.20   -0.1122   
 5.20 - 5.30   -0.0861   
 5.30 - 5.40   -0.0521   
 5.40 - 5.50   -0.0068   
 5.50 - 5.60   0.0276    
 5.60 - 5.70   0.0534    
 5.70 - 5.80   0.0847    
 5.80 - 5.90   0.1084    
 5.90 - 6.00   0.1236    
 6.00 - 6.10   0.1314    
 6.10 - 6.20   0.1266    
 6.20 - 6.30   0.1207    
 6.30 - 6.40   0.1013    
 6.40 - 6.50   0.0860    
 6.50 - 6.60   0.0796    
 6.60 - 6.70   0.0764    
 6.70 - 6.80   0.0806    
 6.80 - 6.90   0.0601    
 6.90 - 7.00   0.0447    
 7.00 - 7.10   0.0221    
 7.10 - 7.20   0.0045    
 7.20 - 7.30   -0.0099   
 7.30 - 7.40   -0.0265   
 7.40 - 7.50   -0.0456   
 7.50 - 7.60   -0.0435   
 7.60 - 7.70   -0.0543   
 7.70 - 7.80   -0.0697   
 7.80 - 7.90   -0.0768   
 7.90 - 8.00   -0.0739   
 8.00 - 8.10   -0.0750   
 8.10 - 8.20   -0.0798   
 8.20 - 8.30   -0.0688   
 8.30 - 8.40   -0.0812   
 8.40 - 8.50   -0.0753   
 8.50 - 8.60   -0.0845   
 8.60 - 8.70   -0.0754   
 8.70 - 8.80   -0.0921   
 8.80 - 8.90   -0.0952   
 8.90 - 9.00   -0.0978   
 9.00 - 9.10   -0.0927   
