### PMF Parameters for water oxygen atom
Distance 2.10  9.00
Type 1 water O
 2.10 - 2.20   1.0805  
 2.20 - 2.30   0.4517  
 2.30 - 2.40   0.1001  
 2.40 - 2.50   -0.2954 
 2.50 - 2.60   -0.6861 
 2.60 - 2.70   -0.9935 
 2.70 - 2.80   -1.0553 
 2.80 - 2.90   -0.8928 
 2.90 - 3.00   -0.6819 
 3.00 - 3.10   -0.4740 
 3.10 - 3.20   -0.3127 
 3.20 - 3.30   -0.1891 
 3.30 - 3.40   -0.1190 
 3.40 - 3.50   -0.0834 
 3.50 - 3.60   -0.0610 
 3.60 - 3.70   -0.0709 
 3.70 - 3.80   -0.0907 
 3.80 - 3.90   -0.1174 
 3.90 - 4.00   -0.1444 
 4.00 - 4.10   -0.1773 
 4.10 - 4.20   -0.2105 
 4.20 - 4.30   -0.2399 
 4.30 - 4.40   -0.2602 
 4.40 - 4.50   -0.2679 
 4.50 - 4.60   -0.2607 
 4.60 - 4.70   -0.2380 
 4.70 - 4.80   -0.2060 
 4.80 - 4.90   -0.1645 
 4.90 - 5.00   -0.1107 
 5.00 - 5.10   -0.0579 
 5.10 - 5.20   -0.0070 
 5.20 - 5.30   0.0480  
 5.30 - 5.40   0.0910  
 5.40 - 5.50   0.1219  
 5.50 - 5.60   0.1462  
 5.60 - 5.70   0.1540  
 5.70 - 5.80   0.1516  
 5.80 - 5.90   0.1431  
 5.90 - 6.00   0.1229  
 6.00 - 6.10   0.1023  
 6.10 - 6.20   0.0759  
 6.20 - 6.30   0.0488  
 6.30 - 6.40   0.0280  
 6.40 - 6.50   0.0084  
 6.50 - 6.60   -0.0072 
 6.60 - 6.70   -0.0201 
 6.70 - 6.80   -0.0279 
 6.80 - 6.90   -0.0339 
 6.90 - 7.00   -0.0379 
 7.00 - 7.10   -0.0356 
 7.10 - 7.20   -0.0298 
 7.20 - 7.30   -0.0210 
 7.30 - 7.40   -0.0076 
 7.40 - 7.50   0.0140  
 7.50 - 7.60   0.0361  
 7.60 - 7.70   0.0542  
 7.70 - 7.80   0.0719  
 7.80 - 7.90   0.0882  
 7.90 - 8.00   0.0988  
 8.00 - 8.10   0.1075  
 8.10 - 8.20   0.1154  
 8.20 - 8.30   0.1189  
 8.30 - 8.40   0.1238  
 8.40 - 8.50   0.1310  
 8.50 - 8.60   0.1355  
 8.60 - 8.70   0.1391  
 8.70 - 8.80   0.1481  
 8.80 - 8.90   0.1515  
 8.90 - 9.00   0.1598  
 9.00 - 9.10   0.1673        
